Payment#, Payment date, Remaining amount, Principal payment, Interest payment, Total payment, Interest rate 
24, 2017-04-15, 5000, 185.36, 50, 235.36, 12,
 24, 2017-05-15, 4814.64, 187.21, 48.15, 235.36, 12,
 24, 2017-06-15, 4627.43, 189.09, 46.27, 235.36, 12,
 24, 2017-07-15, 4438.34, 190.98, 44.38, 235.36, 12,
 24, 2017-08-15, 4247.36, 192.88, 42.48, 235.36, 12,
 24, 2017-09-15, 4054.48, 199.34, 30.41, 229.75, 9,
 24, 2017-10-15, 3855.14, 200.84, 28.91, 229.75, 9,
 24, 2017-11-15, 3654.3, 202.34, 27.41, 229.75, 9,
 24, 2017-12-15, 3451.96, 203.86, 25.89, 229.75, 9,
 24, 2018-01-15, 3248.1, 205.39, 24.36, 229.75, 9,
 24, 2018-02-15, 3042.71, 206.93, 22.82, 229.75, 9,
 24, 2018-03-15, 2835.78, 208.48, 21.27, 229.75, 9,
 24, 2018-04-15, 2627.3, 210.05, 19.7, 229.75, 9,
 24, 2018-05-15, 2417.25, 211.62, 18.13, 229.75, 9,
 24, 2018-06-15, 2205.63, 213.21, 16.54, 229.75, 9,
 24, 2018-07-15, 1992.42, 214.8, 14.95, 229.75, 9,
 24, 2018-08-15, 1777.62, 216.42, 13.33, 229.75, 9,
 24, 2018-09-15, 1561.2, 218.04, 11.71, 229.75, 9,
 24, 2018-10-15, 1343.16, 219.68, 10.07, 229.75, 9,
 24, 2018-11-15, 1123.48, 221.32, 8.43, 229.75, 9,
 24, 2018-12-15, 902.16, 222.98, 6.77, 229.75, 9,
 24, 2019-01-15, 679.18, 224.66, 5.09, 229.75, 9,
 24, 2019-02-15, 454.52, 226.34, 3.41, 229.75, 9,
 24, 2019-03-15, 228.18, 228.04, 1.71, 229.75, 9,
 